/**根据实际能量机关尺寸得出对应实际角点坐标**/
/**像素坐标系的坐标原点为左上角的点，且此次标定的原点位于左侧记分板上方**/
//左边五个记分板的矩形轮廓角点坐标，分别对应：左上，右上，左下，右下（ Z 型排序）
left1 30,50.3 170,50.3 30,119.7 170,119.7
left2 30,180.3 170,180.3 30,249.7 170,249.7
left3 30,310.3 170,310.3 30,379.7 170,379.7
left4 30,440.3 170,440.3 30,509.7 170,509.7
left5 30,570.3 170,570.3 30,639.7 170,639.7
//右边五个记分板的矩形轮廓角点坐标
right1 1370,50.3 1510,50.3 1370,119.7 1510,119.7
right2 1370,180.3 1510,180.3 1370,249.7 1510,249.7
right3 1370,310.3 1510,310.3 1370,379.7 1510,379.7
right4 1370,440.3 1510,440.3 1370,509.7 1510,509.7
right5 1370,570.3 1510,570.3 1370,639.7 1510,639.7
//数码管五个数字显示位的角点坐标，位于像素坐标Y轴的负半轴，所以y坐标均为负
number1 516.5,-155.2 607.5,-155.2 516.5,-32.2 607.5,-32.2
number2 620.5,-155.2 711.5,-155.2 620.5,-32.2 711.5,-32.2
number3 724.5,-155.2 815.5,-155.2 724.5,-32.2 815.5,-32.2
number4 828.5,-155.2 919.5,-155.2 828.5,-32.2 919.5,-32.2
number5 932.5,-155.2 1023.5,-155.2 932.5,-32.2 1023.5,-32.2
//数码管整体角点坐标，同理y坐标为负
numberSquare 516.5,-155.2 1023.5,-155.2 516.5,-32.2 1023.5,-32.2
//九宫格的九个正方形显示位角点坐标
square1 260,45 540,45 260,205 540,205
square2 630,45 910,45 630,205 910,205
square3 1000,45 1280,45 1000,205 1280,205
square4 260,265 540,265 260,425 540,425
square5 630,265 910,265 630,425 910,425
square6 1000,265 1280,265 1000,425 1280,425
square7 260,485 540,485 260,645 540,645
square8 630,485 910,485 630,645 910,645
square9 1000,485 1280,485 1000,645 1280,645
